9006
10535
12175
13985
15990
18178
21043
24021
25007
27984
32967
57987
38543
40830
43651
48368
51729
55524
59966
63078
68987
72039
75967
83155
85997
92532
98948
100880
105950
111709
122448
123560
128903
135975
139929
145916
154425
184280
229864
224871
313821
198886
225214
213897
377784
245614
267902
269852
284838
251402
260868
324834
292834
287835
293833
302891
312817
320988
365800
345990
351827
425758
410674
389759
398829
406799
423569
443743
445694
455540
505705
514097
582836
508711
523683
948456
621646
602640
821529
718587
697600
733105
607653
653557
645157
689378
655901
700620
1631065
700041
726366
748577
770745
780692
849624
809534
954437
851520
885473
888569
