0
0
15621
15621
0
0
0
0
15620
0
15574
0
15621
0
15621
16647
15622
15620
15621
15624
15628
17995
15664
15622
15621
31242
31240
15621
31234
31293
31242
27748
21734
31283
46863
31283
46886
31281
31238
31246
46864
46865
63776
46851
46864
45397
62486
62482
62488
62486
78118
62491
78107
86484
62505
78107
78111
93725
78109
93731
85983
93734
93726
93772
93727
109347
109345
109349
109350
124971
124025
124978
134864
140553
124969
124972
140593
135823
140631
145159
156214
140600
156254
156208
156171
154287
171884
171792
187451
189985
187496
187501
191514
203080
203075
203125
200682
213841
218700
218686
