7981
8881
9994
9993
8978
9796
8994
6001
9993
10998
10010
11702
12417
12237
5994
10996
10995
13525
12990
11993
13993
6999
13982
11997
13545
13993
14992
13992
8454
12980
13993
13993
14992
13993
13990
16015
14992
14993
14995
15988
16988
14974
15977
16991
16987
16987
16991
17989
16977
11182
17990
17830
18989
18974
18981
19987
16988
29984
32980
25994
22983
24985
20990
12013
21986
20976
21989
22971
21997
24172
12992
23289
22984
21988
23841
25725
22991
23968
24973
32977
23970
25982
24971
23987
24985
23977
26465
24995
27928
28990
26984
16163
33980
41977
34980
36979
36981
34979
20988
34980
36982
31981
30981
33980
31909
20357
34973
32979
31985
33198
34001
32982
33971
35433
34654
33766
36981
33966
36945
39403
35179
35013
39330
33951
35998
34805
35187
34979
35984
35947
36978
42972
40976
22986
40558
37965
39722
39675
38981
41453
24989
40252
40974
41977
40979
39976
39979
25881
41974
42130
40976
41994
42624
41957
43955
45978
42974
44976
44981
44972
43974
45959
50031
45970
48972
46493
50503
46970
47975
48946
46974
49972
48964
56950
50952
33966
49968
49989
50975
52082
50988
55860
32461
54949
51986
54971
53964
55953
55950
33539
55357
56209
55967
57966
57965
56986
57970
59966
56968
57977
56986
61964
60452
59948
59970
61947
61964
61951
66972
60966
60967
62945
63981
70183
64410
65228
64959
40018
68888
64968
65961
67995
66371
68950
40994
65962
69960
68959
73962
71106
70958
42974
69960
70977
74257
77954
71958
71959
73637
73940
72959
74742
72960
76190
74521
74286
75954
76011
76940
78965
81513
77956
81161
79505
80265
81078
82354
81582
82616
52954
81952
85950
84942
86095
85552
82915
57985
83699
87950
87574
87968
87930
115914
64961
107937
112933
102941
101917
90952
94929
93171
93944
91946
90906
90966
92946
91928
95506
92836
94935
94931
110935
120930
127929
66961
105942
100596
99944
100944
103939
101960
63562
99643
100944
107269
104747
103929
101642
64755
104501
104948
106938
108112
107254
109355
66944
108495
106905
112933
112796
116193
111218
110935
109977
109917
113932
111936
115946
115935
111937
113632
114331
117919
114918
120914
122418
77801
118127
121912
120923
121928
122914
122929
75976
123911
123271
124916
124934
124909
127926
77174
134915
130215
125892
128743
129918
126775
126934
127927
129539
132218
138500
132925
129710
130922
138725
136909
133924
132830
135924
132540
133924
134925
136904
141902
143272
142748
142943
84944
145900
147900
144917
143915
145955
146915
88947
144749
150914
147921
148915
150726
145813
94963
149381
148915
149897
153912
150913
150916
154894
151912
152714
150913
156350
156894
153913
155435
154919
155124
155911
156876
165968
159910
163983
158382
160884
165907
167904
175905
164903
102909
163905
166902
171620
171037
174739
169901
104072
173902
173898
174964
172901
174751
171899
110937
173899
174922
173880
177878
178879
180924
177905
177898
175899
180877
181878
184056
181896
178906
183069
185892
188890
187347
190134
181897
187057
185939
191890
190537
192889
193897
198782
124004
190804
189872
197883
197892
198462
198903
121898
196791
195889
202453
200884
204341
197744
128302
202884
204314
202435
210258
262830
220873
202898
208882
206862
208015
205863
210209
208157
212859
211003
210904
211875
210862
217858
213880
220870
211881
226385
221865
220876
221873
290832
193887
281837
255964
229870
231867
227851
222871
141919
225868
224854
228869
236853
238290
226870
141912
229848
232868
233090
242842
238847
239864
233270
235863
237865
234864
240862
242861
240040
239863
241861
239865
241864
243877
257834
241984
155893
249839
253835
253857
251633
257888
253072
156608
248850
253837
259741
256852
263995
256467
159455
257833
261868
267154
298812
337807
280842
169905
281051
263848
267847
268803
270850
276840
268849
269477
267829
270843
270843
275608
271850
271172
270072
271837
280822
275462
279820
278633
172093
280849
285834
285837
289806
284818
287816
175917
280836
285838
299757
290831
291833
285839
179693
287676
293455
292835
300865
294812
288836
289834
297829
293964
302800
305829
306823
296828
300828
306828
314898
299765
303831
309824
302845
304824
307803
310840
305825
307311
317800
318799
194237
313821
313822
318660
320017
327813
325820
207864
387777
345803
331790
327796
330983
326239
205125
321817
327812
323815
334807
342488
328803
207915
327768
334790
326820
349565
341792
335092
332808
336809
333806
339805
336808
346800
340807
341805
341363
340803
342619
350782
355893
352796
217868
349779
344802
363800
357796
364889
362776
220875
352799
355130
366383
368790
368798
362775
228635
371787
361794
363653
376057
372086
364777
376789
369442
370390
366772
369559
385032
376785
372785
373775
373767
377784
376785
389776
377764
379763
384771
378785
393777
395775
394591
393706
238389
392114
390091
395041
402797
397772
391774
242842
395175
395914
399769
405769
405761
399568
252855
401203
398930
405751
414746
415749
407750
408766
420647
428735
622624
473729
636969
863506
630250
621643
530693
419726
422508
477854
417762
476726
536694
514702
427748
433732
504711
441747
271269
430405
430752
445726
434617
454741
434734
276844
436594
435748
450743
453739
450723
437220
293715
441735
455739
447724
451739
462646
453360
447742
449744
451120
448730
448752
462061
448978
453738
459735
454741
460795
457844
482215
471732
290850
472390
487703
480727
476552
479705
481751
293831
466732
468714
484723
488719
491719
471732
295831
481709
481707
477710
489718
500715
479729
305908
486833
482726
492707
494612
506710
493999
502712
486725
494698
493717
498714
511212
507724
498695
496717
497696
499694
502710
521289
504712
316062
504712
509708
518701
519702
524935
522672
322813
513742
519701
531678
526684
532684
518709
328793
527678
524159
530694
532693
540693
527687
335813
521700
528702
535694
547668
551682
538694
537675
612631
570675
567673
547684
560114
544670
546689
550664
556664
548669
553690
570087
565657
344374
552684
569005
572671
616646
637637
586648
395757
682608
625643
631619
590660
582299
568727
357829
570703
570638
571652
588629
582647
575654
362795
579667
579651
577651
599655
597658
586665
590408
587662
587665
591660
590369
600637
592657
592662
595627
605636
614648
598043
612631
616629
378116
599639
621626
615651
620297
623643
625642
378128
621626
614647
626642
626639
627623
617647
393759
623623
622624
620643
637633
652607
623643
392440
638382
626623
627641
645791
642934
629638
630619
635637
636636
641625
639380
659010
640631
646605
643035
665618
658622
660602
666954
664603
405903
647630
751568
713204
691602
669617
673595
410092
665600
660622
683592
686605
676593
675460
419778
661623
677615
695604
685607
689463
674614
679594
671628
678594
674594
679610
696602
692603
686478
693614
687609
697603
694602
705674
693602
690604
695603
712610
720607
721589
730582
722146
448741
710593
706594
724567
724586
725583
