31242
31242
31244
46864
53735
49324
46865
62487
62486
62491
78108
78107
78103
78107
79516
78105
78106
93727
109388
93731
110676
109305
124970
125036
124970
124969
124453
117981
124930
124972
148949
140617
140552
140633
156152
156193
156192
156210
166098
187496
187457
179813
187462
203053
208409
203073
203122
214843
218723
218673
226619
218660
234321
224926
249938
250838
249936
245057
249939
265565
265562
281186
266457
281212
279861
281228
287799
281187
296468
296805
312422
312424
312424
315032
312425
322791
328047
328008
336828
343669
333859
355155
359296
369150
374912
374912
370884
384734
390529
398043
389800
399390
406155
421778
409378
418816
421774
421778
430371
421096
