1997
1002
1016
1999
1999
2002
2019
2004
2319
1997
1982
1001
2001
2000
1998
2996
3997
2245
1998
2661
1999
4879
2877
1994
1002
1998
1000
1998
2003
1999
1998
1999
1999
1998
3999
1949
1996
1995
1981
3001
1999
1997
1998
997
3003
2001
2000
3001
1996
2004
1999
2166
3155
2003
2493
2001
2001
3003
2999
1992
1999
2000
998
1979
1998
3000
2996
1997
1991
2699
2998
2179
3009
1998
2660
2001
1993
2000
3008
1993
3003
3002
1998
2998
3453
2989
2000
2981
2563
1991
3012
2000
2998
2998
1999
1998
3994
2999
1999
2995
3004
1999
1999
3000
2016
2001
5237
2740
2995
2802
1998
5015
2744
3008
2376
2000
3005
2999
2412
4007
2002
2412
2999
1998
3000
2000
2000
2017
2007
2999
2996
2001
2001
2997
2000
1999
2003
2001
3153
2000
2014
2005
1998
2998
2016
1999
3348
2001
1998
2000
2999
3713
2001
1999
3004
2024
3432
2926
2009
2228
1999
1999
2000
2999
1999
2001
2013
2018
2001
2442
2718
2000
1999
1998
2016
2997
2000
2305
1996
1948
2982
2000
2000
1999
2979
2978
2999
2018
1999
2001
2016
2001
1999
2982
3001
2981
2998
2996
1997
2007
2017
2017
2000
2996
2998
2996
2900
1999
2980
1998
2997
2001
2000
2000
2001
2000
2021
3002
2000
2992
3001
2987
2001
2545
2999
2998
3017
2018
2994
2525
4187
3727
1998
3979
2999
2998
3949
2998
2021
2998
3015
3000
2998
2000
2998
3001
4000
3000
2015
1988
2001
2998
2001
3019
2750
3004
3000
2001
3000
4001
3997
2999
2988
2001
3000
2999
3979
2020
2996
2000
2999
3998
1999
2998
1999
2001
3001
3000
2998
2995
3001
2998
3000
2999
2978
2998
3000
2000
3000
2989
2997
3000
3000
2998
4997
3998
3001
2997
2994
3997
3002
3000
3000
3015
3000
3000
3995
3000
3000
3000
2989
3997
3000
2999
3001
3998
3000
4002
3997
3000
3000
3000
4000
3000
4001
3998
3998
2986
3997
2998
3000
3999
3995
3995
3998
3000
3999
3000
3996
3006
3997
3997
3997
2998
3997
3000
3016
3992
3018
3018
3019
3987
3000
3993
4002
4002
3000
3974
3998
3000
3018
4017
2999
3000
3998
4000
3993
3997
3000
3996
3999
4015
3997
3998
3997
3000
2999
3037
4995
4998
3998
3998
4017
3999
4999
3999
3999
3998
2973
3998
3000
3020
3997
3000
3998
3996
3997
4998
4997
3995
4995
3999
4998
3000
3997
4997
4999
4007
3000
4997
4000
4000
3015
3000
2999
3999
4995
4979
4035
4998
4002
4997
4998
4999
3999
4998
5000
5000
4998
4997
3000
4002
3999
4000
4995
4996
4002
4017
4999
4998
4999
4001
3997
4997
4999
4997
4000
3997
4989
4002
3997
4997
3999
3998
3998
3999
4998
4999
4999
4999
4989
4000
4018
4998
5000
4996
4013
5002
4978
5999
5998
5996
4998
5998
5001
4010
4998
4995
5085
5003
5001
7995
5000
4999
4322
3998
5001
4997
4999
3999
4996
4999
4009
5996
5996
5994
4997
4997
4994
5001
4987
3989
4997
5996
5997
5995
5001
3998
5002
4995
4998
5979
6996
5994
5997
5994
4999
5997
4988
4999
5997
4998
5996
5994
5998
4998
5996
5995
5999
6994
5997
6001
5996
5014
5997
5996
5980
4996
5998
6010
5996
6000
4996
6001
5998
5998
6998
5988
5997
5999
5999
5001
6583
7000
5996
6011
6001
6996
8002
9023
5996
7000
5996
7432
6996
5993
5996
7535
4998
5997
6576
5994
6002
5993
5998
5999
6985
6994
5998
7029
5999
6001
5989
6023
5995
5911
5997
6768
6979
6997
6996
5998
5989
6998
5994
5999
6368
6001
5993
5996
5998
5996
6996
6998
5805
5995
5998
6467
6999
5998
5995
6000
6000
5989
6993
6001
6335
7123
6001
5997
4999
6997
6998
6601
5996
6995
6001
6002
6996
6006
7993
6996
5996
5991
5994
5998
5998
7001
6995
6997
7001
5999
6001
5988
5991
6997
6956
6989
5998
6991
6998
6996
7995
6999
6996
6994
5999
6994
7993
5998
6997
6998
7993
7000
6996
6986
6999
7997
6991
7995
5998
5996
6997
6996
7000
7000
6996
6987
7995
6998
6996
6996
6000
5998
6998
6996
6990
6997
5998
5995
6997
6999
6994
7995
7987
6995
7994
7996
6996
7996
6997
6997
6996
7993
6996
6998
6998
7000
5998
6997
6997
7997
6995
6996
6996
6997
6998
6997
4998
6986
7018
7996
6998
6001
5994
6996
6979
5994
7998
6997
9000
8994
7994
9000
36980
5998
15990
12995
8993
6998
6998
7992
12993
7993
6998
6999
7995
7998
7995
7999
6997
7995
6997
6998
6977
6996
6995
6998
7998
7993
7998
7995
6998
7997
6991
7996
8003
6996
7999
6998
7998
7995
7000
7993
5988
7998
8000
7997
6998
6996
7017
7001
7997
7993
7977
7000
6997
7013
7996
6998
7992
8978
8995
7996
7995
7998
7993
8993
7996
7993
7994
7995
9682
7993
8400
6997
8997
7991
8998
8898
8995
7997
7996
8993
7995
9995
7996
7999
7979
7997
8992
7998
8996
9995
7998
8994
7997
9992
7987
8995
8977
8996
8000
8997
8000
7998
8992
8995
7989
8988
8997
8995
7997
9006
7995
8993
8986
9989
8995
8010
9991
8995
8999
8992
8994
7997
12024
8994
8995
8998
8993
8995
8997
8993
8992
8986
8999
9993
8998
9996
8996
8997
8995
8995
9994
9996
11992
9992
11994
9993
8999
8981
8999
8965
10016
11995
8996
8998
9994
9992
8995
8992
8993
8994
8995
9995
8999
7998
8995
9993
8997
9994
9997
9991
8997
9991
8995
8998
8993
9994
9997
9994
9993
8989
8996
9995
7996
9997
9995
9995
8994
8995
8995
8995
9991
9995
8995
8995
9995
8995
8994
8997
7997
8993
7996
8998
8996
7996
8995
9995
8995
9994
8996
8999
9995
9994
9996
9997
8995
9997
8998
8996
9996
8995
16990
13009
9994
9994
10994
9998
9993
9997
9994
8996
9994
10998
10974
10992
9990
10991
9994
9997
9995
8994
8980
8995
9995
9996
10991
7996
9997
8984
10993
8995
9996
10998
10013
9996
10993
9975
10974
9993
9994
8997
8995
10994
9995
10992
10991
11994
