15579
15622
15621
15622
15620
31243
31243
15621
31243
31284
15621
31241
31287
46824
35570
34697
46865
46866
31243
46864
46853
36373
46862
46824
46839
46868
55221
62485
62487
62474
46862
62488
78149
78066
62485
78132
62484
78113
78108
78103
62484
78110
70561
78113
78108
81757
78067
78105
78107
93728
78096
102473
78106
92134
93727
93731
93735
93687
109349
93728
102299
93721
99462
109346
116318
109308
103640
124966
118187
109350
109368
109344
109327
124970
124971
124981
124970
125013
124971
128103
133315
140583
140592
140592
140592
140589
154961
140591
140594
131354
156211
156168
140588
147299
156224
156206
156211
156253
164019
156214
