6283
5461
6418
9112
8989
9920
10831
14626
14991
16010
19274
17971
21984
22962
24429
25993
28013
29997
35384
35979
36960
39959
41389
43007
46770
48934
50976
53967
58175
57940
62968
65494
68426
72886
75721
77956
80933
85972
88968
94964
163905
113095
137922
141921
292832
159908
144919
125238
135905
129870
136721
151820
164904
151679
154008
158896
166939
170839
171903
175969
183865
257462
202884
207891
204873
210970
218463
222508
230768
313823
240921
267849
253852
282095
280841
421758
290850
317798
400770
314819
421763
336813
313091
369812
334993
354120
340806
549665
464732
364795
377786
386773
565680
394339
399029
417762
444742
424748
499530
451206
