21993
27556
31039
35399
39979
46959
55415
60863
66502
74957
80969
91260
102647
107461
118152
128165
133924
147622
156763
171903
179414
195471
210862
214664
231267
243868
257785
275093
288588
302822
315819
330829
347441
371589
382714
400991
416762
451749
671144
533697
1143343
838520
716588
605654
1002425
800697
758280
759562
786566
803155
765543
778534
782551
829503
808238
845116
861651
886493
959431
940277
975423
1042609
1097963
1105366
1094892
1142213
1163313
1183948
1217147
1258280
1340237
1389186
1405798
1463142
1465178
1662047
2475580
1923955
2208733
2372622
1992858
2139780
1682833
1799300
1980893
1832150
1830264
1846874
5766696
2005761
2053968
2083805
2113447
2265446
2176329
2263422
2311756
2311649
2489591
2511967
