1032
2114
2415
2391
2814
2888
4862
5981
7405
7789
8550
10233
11174
13093
17846
17949
18360
20329
23048
24121
27415
29725
32519
37412
47024
50302
44211
47037
49805
53934
83247
61073
64916
69282
73778
76784
81856
86614
106272
94715
106512
104726
108851
114300
125006
124994
129764
144508
141030
147943
153447
161626
165365
170017
176330
184262
199967
197258
203843
209420
217185
239094
240841
238580
250361
255092
262636
269299
277335
286482
293928
308028
310832
318888
332389
336455
351729
364074
362587
373813
382761
389990
400842
415607
423894
431178
439402
449722
469043
469689
480980
492110
505685
520943
524563
535164
547247
556637
576703
591910
590548
611814
615148
625834
649541
656300
664428
674721
688281
700849
714975
725362
767585
754246
766030
779153
797865
805879
820228
864463
858918
860910
876620
895371
906432
918995
933241
977569
968814
987996
995865
1008856
1023866
1043171
1055696
1097254
1085306
1102507
1118413
1144075
1151844
1178073
1187849
1205964
1219000
1268158
1257013
1267698
1320480
1311625
1327882
3251018
2232508
3373857
3378291
3372341
3453968
3504678
3551167
2772615
3636642
3581955
3693982
3734465
3788585
3850941
3915251
3977838
4006189
4046215
4098635
4144015
4193220
4264248
4321852
4347398
4393643
4436154
4480484
4565451
4590308
4644394
4712532
4739148
4812702
4857197
2060276
3629189
5008437
5040678
5122844
5167004
5235386
5308610
5330435
5385506
5452330
5467386
5539502
5579971
5671318
3710055
5123611
5829358
5886904
5943213
6015325
6057492
6130557
6160892
6215270
6305178
6343555
6409657
6468683
6536324
6582950
5667615
6719907
6825701
2829338
2849843
2878555
2906582
2938040
2950421
3059926
3026025
3045706
3527563
7240282
7487524
7634462
3497455
7161777
7799103
7871996
7832480
7457568
8024972
8010282
3392042
3452218
3475275
