0
0
0
0
1057
1049
999
1048
1032
1839
2411
2991
2939
997
1034
5029
6068
6156
5149
6310
8423
8223
13658
13828
13130
13660
13224
13587
16354
15786
18367
22561
22932
24510
26076
23027
33384
24139
25316
27823
31745
31720
34899
51922
42293
48531
39018
41055
43194
46723
49311
57632
59122
53388
59384
58427
58567
70063
63109
72159
110057
79625
75851
73237
79379
81978
81964
84409
85742
91129
91348
109616
104856
98934
115768
110237
115707
112553
122566
118400
126742
122560
129414
136772
133778
134444
162576
142398
157995
155865
151429
159746
159867
160588
167428
167854
173517
177892
185105
202704
190677
195129
205472
202203
207665
213985
210095
220714
227907
232164
230954
243183
243904
240566
242576
259434
254035
264218
261337
266655
277850
274002
277034
286167
287675
297432
306508
322466
316041
320827
327664
321208
324867
335057
378294
349349
359249
349160
371801
381707
372770
367876
383581
381133
397889
392594
402735
422068
429463
423110
465924
505653
553861
593995
580108
807138
613459
500341
663694
553127
658068
600067
816442
701182
633556
1017012
1094873
1027513
1041146
1065890
597095
677540
588482
851250
834671
953816
1135708
770049
1185511
1246542
1315120
1255920
877313
815773
876835
921463
1269051
1326436
1302671
1337809
1328702
1326731
1321692
1356169
1352775
1389914
1379309
1417284
1433348
1422181
