0
0
0
0
0
0
4000
4002
4002
4002
4002
4011
4001
0
4010
4000
4727
4002
7485
0
4001
4001
6662
4053
7998
5116
3999
4073
8001
7998
7999
7999
7999
8001
8000
9162
8003
8000
12002
11999
16003
15999
16460
16049
12000
16079
16056
16004
20002
16000
16000
20006
16001
19993
19997
19999
23996
19998
19999
19988
23996
28002
28226
28000
28000
26913
27995
24007
32001
27996
30451
36003
36346
41180
37437
33116
57784
35229
33191
36003
48001
52003
44917
43999
45576
44000
44001
43988
47997
53159
52010
91879
52001
58545
56000
66562
69255
71040
75495
67977
66989
65515
75528
71226
68001
72001
76113
80994
85313
93278
94279
96005
100021
100001
108326
146031
139996
139160
130569
121944
122679
118588
126213
125510
127681
135999
124478
124421
121381
120079
116002
112001
118395
122618
129237
133142
132314
140892
153712
163386
167004
176155
186927
192001
192718
196005
277685
277910
266731
312878
555190
515569
415303
410306
497632
583183
537665
379777
480835
618954
608223
698747
366683
683983
720260
764626
721304
697349
650615
649426
533264
547749
658381
636250
702308
831425
659435
628602
841219
910990
916624
842780
743417
760138
648507
931973
865010
904320
789965
949454
888545
851880
910052
894546
904074
924129
964429
1030389
990837
984962
