2165
741
1086
1421
1447
1344
1314
0
1343
1262
1331
2351
2029
2800
2785
1970
3246
1949
2173
1118
1093
4597
1527
1526
2515
1978
2318
2422
4041
3396
5128
4537
4311
4168
5196
3595
4912
5763
5490
5400
5271
5754
3696
6018
6950
7109
6154
7470
8233
7074
7671
6016
7207
6435
6816
6581
5523
8775
8247
8636
7845
6211
6025
4003
7392
8807
9686
8951
8820
11237
4854
7470
11313
11538
12009
12365
12444
6337
11972
10725
10333
12687
11963
9824
6406
9359
9666
12134
12307
16142
12877
11265
12662
8672
9576
8605
9524
17232
8415
17961
16120
10279
9573
9486
10151
6108
10274
11719
12215
12380
13613
15417
10366
16175
13020
11890
12426
12041
13250
7558
11705
11944
12894
13981
13333
13939
7155
13759
13422
14352
15302
17781
15221
15600
16801
15557
15423
14056
16664
15982
11676
18096
20500
19013
17242
19795
16512
9757
16295
16710
18654
19431
18208
20209
9907
34302
31788
31492
30811
18576
18841
11459
25534
18985
19361
25114
23311
18975
11689
19367
24406
20355
20282
23983
29240
22209
23442
32873
24063
29058
24332
43290
29619
28106
31007
26180
24432
24096
22887
14081
26891
28145
30078
28761
33833
39396
20181
32364
38047
35351
26649
30166
35255
20100
32432
26233
28786
28314
29724
28375
18267
35685
35413
35423
33086
47511
38068
32716
35681
36759
41600
45851
40821
50140
26640
43337
38267
38282
36149
37756
39057
27243
48050
34607
33810
35121
36357
41800
38114
46504
37913
40786
41905
42521
41932
39627
50867
37497
40076
44477
39867
61843
32170
38884
41301
50814
41742
44528
43389
40841
44815
42781
72984
60023
47833
56141
27425
44306
47208
47949
52458
51472
45414
27580
44780
50356
59544
51860
49123
56622
49611
53449
51516
48912
52373
54423
49991
52354
55722
57776
55331
57332
50011
56828
34332
68524
53758
60518
58131
68448
54446
39511
60954
56487
60414
55694
61248
61431
53451
56586
58385
67541
61231
62614
79666
48462
64522
60739
77512
64088
65798
73217
44302
62454
60893
69002
67255
65415
84211
46000
63054
81388
79279
75290
72724
73996
41772
70895
76970
71530
79658
82210
69064
64718
75616
76849
70963
70076
75181
80246
48222
70174
72323
79822
79835
76835
73427
52802
74383
74693
83960
80257
96627
74891
67344
88398
76179
77523
99714
85533
89492
59576
78158
81704
84738
85497
82799
81339
89199
82375
86901
81950
84296
94570
87166
52955
95611
86097
87403
105891
93483
96680
64197
104612
90745
89205
93634
90194
101630
56274
91707
89800
98986
103947
98136
104481
69538
100895
93374
116958
113628
95549
103319
62065
99133
109237
107343
107680
97825
97455
107605
106076
99724
99876
104065
106780
106720
69315
115300
115028
106996
105431
104862
105808
67162
104678
115422
118124
144468
110643
141925
72214
128539
110324
113451
126291
125766
117986
80344
131006
127227
124495
112395
115669
114070
78404
116813
137074
113254
119098
130044
120163
123527
125581
125598
130309
125569
135942
148212
95375
129511
136498
133862
138549
127872
124013
77689
136523
125769
130899
128101
122687
138967
80263
126809
130525
138529
144691
128361
130260
90668
133512
142956
133071
141087
134014
131853
99253
146375
148041
