7400
10143
10709
11718
20159
15326
29826
35939
27977
30867
33085
36221
37350
48307
48000
48000
52001
51057
58033
60323
60000
66283
76389
80011
73226
81202
81762
89298
89246
93327
97494
97243
97073
102031
103412
105119
109117
116315
116297
117133
119383
129310
136163
138806
135181
138518
142103
142352
143974
148372
156025
161038
161093
168149
182324
179232
180005
185087
188575
189420
193180
203220
196116
200139
203634
210330
208087
209136
217668
225777
221045
219996
224007
229227
232187
237683
235532
258011
246724
246486
251822
259703
269184
263993
268154
271128
269325
281825
296001
284405
286363
288220
293295
300448
301214
313507
317423
312249
320588
323092
328004
338191
336197
341459
348464
354439
357489
399457
381878
400130
391255
411339
413134
414411
419343
460356
444845
447835
443854
463391
463426
473461
484381
485574
482434
496296
480151
472986
483833
485156
483010
488744
486419
488612
486267
492760
487531
485433
491101
493160
508620
503562
532228
528532
530536
526838
606338
602085
609837
672314
890853
903948
782205
1301964
930205
810123
1000313
776511
1578370
1428682
1048993
935887
900946
1293747
1350349
1448290
1613311
1535994
1629736
1681333
1038825
949886
1083584
1258010
1015110
1362167
1317429
1006223
1706338
1678783
1727494
1390186
1374404
1448547
1122580
1715106
1723885
1725474
1681599
1765412
1776504
1673494
1728325
1691125
1660245
1711113
1697288
1726642
1719252
1769200
