1199
0
0
0
0
0
0
0
0
0
0
0
0
4039
1186
998
1042
3999
1033
4956
3999
5046
1936
3995
0
4170
3997
4006
0
4000
3999
0
4004
4004
4005
3999
3997
3999
3998
3999
4001
4000
4000
3998
5058
4005
5005
3986
4000
4006
8000
5099
7996
4004
8007
8001
4001
10956
8000
7977
7999
7997
5087
7989
8000
8013
8003
11994
9959
12001
11428
11998
8046
12005
12000
12002
12000
7996
11999
11997
12000
11998
11997
11999
12082
12002
15999
12001
12003
12002
13890
17006
16001
12000
14849
12000
12001
16004
15976
12001
15999
16001
16000
16000
15998
16000
15999
18675
16005
19344
19362
16000
16596
19999
15999
19998
20009
19999
19999
19987
20000
15999
24000
24000
24008
24009
20000
20000
20001
24054
22081
23999
24002
25204
23997
23983
21976
24001
23985
28002
24007
24011
25301
28013
27999
24002
28004
28004
29162
33316
39311
37690
49688
66581
84450
47019
32114
74752
52768
85920
56041
96667
38452
66119
62956
84503
86686
91336
68057
52336
64981
49731
84046
73423
75497
96913
51828
61371
96456
97473
93670
68492
69298
51696
75885
84959
93255
84203
85852
94890
99032
99809
84913
77353
128973
115936
101719
91862
87111
95529
