1996
5202
5189
6396
8673
9478
7510
16822
16045
11395
16412
12101
17196
22760
20048
28726
19054
27711
33918
30023
28397
33737
37146
39581
30852
30514
33455
36205
36441
41708
37211
45880
49277
49232
46247
48766
49190
49210
53674
51999
57225
50405
53269
57094
80041
56000
61984
70270
65932
63999
62906
65171
70394
69252
71999
69270
71118
72000
77191
85319
81275
80000
93617
85274
83992
87980
86846
90273
93044
88000
93161
92208
94165
97233
96005
95479
103705
101091
100003
103060
105157
106466
107993
107122
109769
120053
112003
118350
122428
115600
116000
118665
116001
121329
121633
123999
122915
123999
127070
128001
129335
131998
131152
134890
132002
135505
139147
139983
140496
143999
143768
156831
145881
145259
150911
159140
154082
153222
157610
155160
156000
157662
161256
159395
160000
161345
164000
166389
162167
164007
166373
169973
169926
173627
175938
178202
177220
179937
178268
182309
181833
182816
192525
185250
186296
187078
193272
191443
191258
202377
210359
232374
228049
253948
231666
287023
290336
267539
325214
230529
206342
286374
278695
276040
284773
382731
434143
412091
407386
376886
288833
272815
239050
290477
331771
408446
403147
307181
421093
486113
472493
488401
332778
308218
319857
412550
468887
482601
470138
433383
506641
463202
474555
493265
536787
475810
491174
500109
485649
529839
