1783
1543
965
1326
1239
1496
0
1388
1283
1024
1485
973
1439
0
1066
1995
1760
995
1280
1157
1883
1741
1795
1293
2992
1558
1993
1375
2219
998
2054
3951
6167
5282
4000
4701
2308
5354
6659
6039
6596
2429
2584
5983
4661
4543
4425
2556
2321
4713
4882
5800
3446
2280
2392
4170
3571
4824
2581
3186
1811
3221
5214
3713
2200
1919
2310
3789
5193
4108
2653
2469
2804
6360
4775
5628
2913
2147
2556
4007
6251
5375
2011
2252
3476
3829
4327
4165
3043
3451
5472
4151
3548
3332
1767
2679
3043
6201
3780
4220
2641
2086
4661
4812
4309
2346
2261
2429
4098
4585
5904
3458
2889
2263
3249
3745
3235
2241
1583
2435
3750
3909
3661
2241
2241
5265
3486
3531
3767
2119
2819
5268
3732
4297
4480
2316
2636
3600
4258
3748
4453
4052
2832
4449
3740
5967
1811
2315
2461
6268
4145
4664
2604
3902
4712
6194
7424
7130
2871
2428
3860
4753
6607
4000
2587
4303
2574
4561
4116
4923
2920
2537
4474
9386
5011
4709
1964
3341
7761
4637
7669
7281
4297
3717
5297
4429
5046
2450
2630
2886
4454
5776
4657
3233
3751
2625
8039
4979
4996
2857
2421
3737
4494
7770
4706
2659
2539
5582
4724
5123
5601
2671
2852
4993
7089
5788
5136
2414
3709
6567
4977
6228
2764
3681
3635
5259
5181
5575
2987
2622
2973
7564
5473
5367
2563
2985
2841
6933
7942
5681
2732
2499
3341
5600
6133
11190
3093
2651
2434
4957
6097
6298
3681
3380
3215
6309
5341
6699
2750
2817
6065
7898
10695
6390
3011
2623
5721
7087
6308
3616
3277
2977
5989
6114
5428
3323
3276
3275
6558
7364
7924
3467
3386
7387
7468
7230
13139
3754
3429
3484
6542
6278
6718
2988
3952
7299
7454
6183
8486
3457
3526
9412
7907
7142
3322
4064
3663
7349
6704
7570
3682
4547
3383
10601
7253
7072
3886
5099
3853
6654
7988
7387
2987
3743
6493
6880
6965
6940
3698
3974
5791
13182
10459
7457
3711
4021
3066
6917
7319
7875
4030
3649
11266
7829
9046
9379
4019
4302
3709
9950
8199
7526
4385
4634
8139
6890
7206
9939
4138
3868
8646
8428
7368
3657
4241
4108
8467
7216
8284
4156
4593
7332
7628
7535
8789
4061
4293
4265
8740
8890
7565
4400
4361
7536
8321
8237
8447
4465
3907
8407
7735
12236
4873
4994
4201
8737
9820
8331
4257
5096
4805
7768
14371
7628
5076
4528
4085
8917
9044
8984
3950
4807
4381
8896
7985
8338
4625
4200
9243
9258
8998
8814
4772
4529
8663
8764
9463
8813
4545
4270
9826
9195
8646
9988
5483
5065
9036
18773
8608
4196
3995
5769
9563
9843
10158
8572
4695
9073
10982
9894
5206
5158
4930
9905
10817
10360
10329
5540
4633
5249
11120
9583
4593
4458
5035
10816
9792
9467
5500
4972
6944
10379
11224
9967
3948
3994
8659
10249
12622
8937
10569
4638
4871
5700
11493
10960
6074
5705
4536
10527
13676
11092
4610
5019
10410
9424
10238
10323
5681
6921
