1960
1075
2483
1993
1996
2321
2911
3866
8131
4489
5055
5770
5803
6631
8932
10755
10220
11266
14624
15015
14822
16175
17556
18762
20455
21993
24401
24977
26294
28690
35634
32365
35226
36225
38514
40794
42492
45341
49139
49685
51916
55175
56350
59595
62920
64895
68889
79536
72853
77226
88227
83042
85492
88120
100634
103724
106962
102835
106017
108873
112416
116492
119938
123763
127689
132161
135968
157944
143493
147567
151686
155855
161669
164347
168848
182441
190863
182613
187073
192358
196981
201511
216384
214410
234168
221721
227061
231793
260338
241877
247807
253112
286675
264751
269870
276462
308455
286387
292980
300313
305593
322047
316122
322567
329883
349795
340737
346304
354223
362039
380355
381524
380548
416107
393243
400235
410063
413693
421479
438824
436264
442392
449933
462590
465472
480662
480838
486672
515621
503527
535702
516356
524853
538807
541821
557254
557419
564644
573242
582543
590330
614687
616318
615051
631477
632201
655041
649899
663969
723220
707465
1663112
1578558
1703376
1693980
1758499
1761687
1778129
1823788
1083813
1856364
1852859
1880968
1896715
1953952
1859881
1993167
2029003
2056470
2088942
2066993
2103750
2143734
2163201
2196055
2241626
2259280
2294720
2259730
2327436
2366042
2378888
2406376
2438958
2456639
2480288
1034972
2498477
2563144
2577131
2615471
2659963
2671253
2724792
2741482
2770905
2768797
2807492
2853655
2871610
2906359
1215086
2970331
2981907
3016175
3043271
3005220
3093965
3122137
3167821
3199008
3223673
3251360
3285000
3322364
3340835
3386316
3414558
3451199
3479814
1448033
1465454
1477055
1490500
1507612
1514636
1537480
1537264
1549739
1892655
3763693
3848416
3622312
1734727
3938076
3979069
3981229
4041075
3555729
3858364
4038453
1740759
1751139
1773446
