3081
2727
5634
6590
5063
7600
9211
13697
16451
31604
20977
24518
29001
32516
37169
47800
51186
53025
59031
73883
80075
84273
86179
100560
113242
122139
131249
127862
135809
146267
157644
166711
176473
200187
206811
218276
221518
234427
257512
267300
272055
284248
303249
311707
326835
346419
354959
376706
389327
402129
435508
443041
460806
470167
487542
512557
525883
541861
563266
587199
599146
628294
640482
658985
682105
711155
721994
745739
776097
787832
809489
834686
856393
889023
915144
941111
963297
975340
1014028
1054832
1052435
1079662
1106486
1147865
1161547
1208458
1237442
1251653
1272807
1304909
1340562
1359496
1388746
1431478
1457937
1500225
1514225
1540698
1586214
1611913
1647105
1678096
1728767
1736014
1768320
1816769
1837726
1872190
1904962
1945796
1989243
2028679
2085936
2116362
2135983
2163341
2194074
2254598
2272512
2334112
2375618
2405795
2441183
2465610
2502854
2549917
2597544
2639751
2670816
2713381
2753805
2809746
2839672
2897676
2946850
2969047
3012757
3054660
3109216
3162025
3193966
3241002
3308082
3330175
3371713
3458683
3466743
3545276
3587404
3620585
4043589
3950391
7600701
9124344
9169250
9468844
9595924
9719914
9833536
9798950
9849129
10118392
10228542
10329437
10560302
10081203
10835217
10971891
11134689
11263811
11351729
11450873
11614390
11795764
11911648
12041278
12212473
12325819
12545885
12623046
12759226
11353696
13011284
13207004
13330677
13459550
12771981
6464254
13848497
13835215
14168895
14225814
14491317
14550222
14654127
14945256
15043121
15228149
15424616
15538190
15695617
15836298
6919521
16202760
16350017
16484362
16665850
16821592
17045143
16963498
16993859
17455179
17599479
17738042
17963865
18111176
17886048
18149077
18486639
18815974
9872077
7926751
7999122
8070629
8141539
8194172
8287647
8341854
8423553
9854525
19667191
17704055
20885269
18952305
14958809
20621566
21770872
21257035
19248871
22125975
21840273
14802343
9502222
9564502
